[gd_scene load_steps=9 format=2]

[ext_resource path="res://scenes/Koi/koi.tscn" type="PackedScene" id=1]
[ext_resource path="res://Main.gd" type="Script" id=2]
[ext_resource path="res://floor.tres" type="PlaneMesh" id=3]
[ext_resource path="res://buyScene.tscn" type="PackedScene" id=4]
[ext_resource path="res://animations/move/animationMove4.tscn" type="PackedScene" id=5]

[sub_resource type="SphereShape" id=1]

[sub_resource type="ProceduralSky" id=2]

[sub_resource type="Environment" id=3]
background_mode = 2
background_sky = SubResource( 2 )
ambient_light_color = Color( 1, 1, 1, 1 )

[node name="Main" type="Spatial"]
transform = Transform( 1, 0, 0, 0, 0.996993, -0.0774924, 0, 0.0774924, 0.996993, 0.968691, 0.958721, 0 )
script = ExtResource( 2 )

[node name="Timer" type="Timer" parent="."]
wait_time = 10.0
autostart = true

[node name="Area" type="Area" parent="."]
transform = Transform( -8.13625, -0.00594057, -0.746409, 0, 1.19932, -0.00954522, -1.03788, 0.0878333, 11.0359, 1.09635, -0.683509, 1.41978 )

[node name="CollisionShape" type="CollisionShape" parent="Area"]
transform = Transform( 2.17729, 2.32831e-10, 5.96046e-08, -1.16415e-10, 2.17729, -7.45058e-09, 4.47035e-08, -1.30385e-08, 2.17729, 0, 0, 0 )
shape = SubResource( 1 )

[node name="MeshInstance2" type="MeshInstance" parent="Area/CollisionShape"]
transform = Transform( 0.459287, -8.73115e-11, -7.45058e-09, 0, 0.459286, 1.62981e-09, -1.11759e-08, 3.0268e-09, 0.459287, 0, 0, 0 )
mesh = ExtResource( 3 )
material/0 = null

[node name="StaticBody" type="StaticBody" parent="Area/CollisionShape/MeshInstance2"]
transform = Transform( 1, 0, 7.45058e-09, -5.82077e-11, 1, 0, 0, -9.31323e-10, 1, 0, 0, 0 )

[node name="Cambase" type="Spatial" parent="."]
transform = Transform( 1, 0, 0, 0, 1, 0, 0, 0, 1, -0.788, -0.731, 0.866 )

[node name="Buy" parent="Cambase" instance=ExtResource( 4 )]

[node name="Camera" type="Camera" parent="Cambase"]
transform = Transform( -0.861036, 0.135941, -0.490037, -0.0217062, 0.952907, 0.302485, 0.50808, 0.271088, -0.817537, -0.330523, 4.63989, -4.34003 )
fov = 86.7864

[node name="DirectionalLight" type="DirectionalLight" parent="Cambase"]
transform = Transform( 1, 0, 0, 0, 1, 0, 0, 0, 1, 1.26333, 1.95158, 4.65821 )

[node name="WorldEnvironment" type="WorldEnvironment" parent="."]
environment = SubResource( 3 )

[node name="fish1" parent="." instance=ExtResource( 1 )]
transform = Transform( 1, 0, 0, 0, 0.996994, -0.0774926, 0, 0.0774926, 0.996994, 4.89551, 1.7647, 6.65317 )

[node name="animationMove4" parent="fish1" instance=ExtResource( 5 )]
